log_id, prime, factor, energy
20231006184934, 34301, 8015, 17.0
20231006184934, 22391, 4467, 17.0
20231006184934, 20113, 5418, 17.0
20231006184934, 55127, 15421, 17.0
20231006184934, 28661, 13795, 17.0
20231006184934, 19031, 4143, 18.0
20231006184934, 27733, 12267, 18.0
20231006184934, 31607, 5749, 18.0
20231006184934, 44987, 5606, 18.0
20231006184934, 11807, 5338, 18.0
20231006184934, 51647, 2727, 18.0
20231006184934, 20407, 15724, 19.0
20231006184934, 51839, 16077, 19.0
20231006184934, 907, 4601, 19.0
20231006184934, 9013, 13515, 19.0
20231006184934, 35677, 2217, 20.0
20231006184934, 38833, 5271, 20.0
20231006184934, 61, 13547, 20.0
20231006184934, 19429, 15468, 20.0
20231006184934, 15641, 13898, 20.0
20231006184934, 53231, 7371, 20.0
20231006184934, 32707, 4719, 20.0
20231006184934, 18803, 6140, 20.0
20231006184934, 51869, 11755, 20.0
20231006184934, 13103, 3706, 21.0
20231006184934, 57149, 6591, 21.0
20231006184934, 20857, 5330, 21.0
20231006184934, 45767, 8120, 21.0
20231006184934, 57727, 9658, 21.0
20231006184934, 60127, 2985, 21.0
20231006184934, 24247, 6121, 21.0
20231006184934, 59063, 7547, 21.0
20231006184934, 58733, 13483, 21.0
20231006184934, 65111, 11467, 21.0
20231006184934, 19319, 3833, 21.0
20231006184934, 15601, 15287, 22.0
20231006184934, 9173, 1657, 22.0
20231006184934, 13381, 5987, 22.0
20231006184934, 63703, 4051, 22.0
20231007180540, 5, 1, -1.0
20231007180540, 11, 2, -1.0
20231007180632, 13, 2, -1.0
20231007180632, 7, 1, -1.0
20231007180632, 3, 3, -1.0
20231007180632, 19, 3, -1.0
20231007181116, 5, 1, -1.0
20231007181120, 5, 2, -1.0
20231007181120, 7, 1, -1.0
20231007181120, 3, 3, -1.0
20231007181120, 13, 2, -1.0
20231007181217, 19963, 5815, 12.0
20231007181217, 61819, 8405, 12.0
20231007181217, 28537, 8085, 13.0
20231007181217, 58207, 9207, 13.0
20231007181217, 21023, 7781, 14.0
20231007181217, 45587, 11981, 14.0
20231007181217, 29401, 12109, 14.0
20231007181217, 62327, 14709, 15.0
20231007181217, 63199, 14261, 15.0
20231007181217, 48991, 6317, 15.0
20231007181217, 41179, 6889, 15.0
20231007181217, 64621, 9867, 15.0
20231007181217, 29531, 229, 15.0
20231007181217, 65119, 7541, 15.0
20231007181217, 55897, 8061, 16.0
20231007181217, 17257, 3573, 16.0
20231007181217, 50929, 14133, 16.0
20231007181217, 20479, 1627, 16.0
20231007181217, 45131, 14295, 17.0
20231007181217, 60899, 11863, 17.0
20231007181217, 58363, 6869, 17.0
20231007181217, 32377, 14157, 17.0
20231007181217, 37307, 10205, 17.0
20231007181217, 23167, 2015, 17.0
20231007181217, 26053, 6102, 17.0
20231007181217, 24923, 3917, 17.0
20231007181217, 25343, 2961, 17.0
20231007181217, 53717, 12253, 17.0
20231007181217, 32563, 11713, 17.0
20231007181217, 33311, 12267, 18.0
20231007181217, 19139, 9183, 18.0
20231007181217, 33613, 12011, 18.0
20231007181217, 28031, 3029, 18.0
20231007181217, 25439, 16103, 18.0
20231007181217, 38653, 8015, 18.0
20231007181217, 50551, 15083, 18.0
20231007181217, 27581, 11849, 18.0
20231007181217, 61403, 16083, 18.0
20231007181217, 62939, 15309, 18.0
20231007181217, 30707, 5069, 18.0
20231007181217, 9811, 3535, 18.0
20231007181217, 22111, 6862, 19.0
20231007181217, 28759, 12271, 19.0
20231007181217, 31583, 3501, 19.0
20231007181217, 59671, 10205, 19.0
20231007181217, 18043, 3931, 19.0
20231007181217, 3931, 16367, 19.0
20231007181217, 53849, 5725, 20.0
20231007181217, 41467, 12235, 20.0
20231007181217, 59263, 15319, 20.0
20231007181217, 44843, 16221, 20.0
20231007181217, 12923, 2460, 20.0
20231007181217, 48079, 5803, 20.0
20231007181217, 58099, 16365, 20.0
20231007181217, 31547, 6823, 20.0
20231007181217, 62207, 2541, 20.0
20231007181217, 53731, 7025, 20.0
20231007181217, 51449, 9949, 20.0
20231007181217, 33533, 10999, 20.0
20231007181217, 47977, 7491, 21.0
20231007181217, 47717, 7755, 21.0
20231007181217, 32251, 3679, 21.0
20231007181217, 21503, 10594, 21.0
20231007181217, 65213, 15845, 21.0
20231007181217, 62171, 1903, 21.0
20231007181217, 28661, 6349, 21.0
20231007181217, 28123, 6637, 21.0
20231007181217, 32719, 12286, 21.0
20231007181217, 36137, 10869, 22.0
20231007181217, 55163, 12271, 22.0
20231007181217, 44809, 12157, 22.0
20231007181217, 27967, 14995, 22.0
20231007181217, 44917, 16215, 22.0
20231007181217, 64483, 11051, 22.0
20231007181217, 31741, 16229, 22.0
20231007181217, 16927, 15949, 22.0
20231007181217, 29437, 8909, 22.0
20231007181217, 53197, 2764, 22.0
20231007181217, 45613, 12253, 22.0
20231007181217, 60133, 13219, 22.0
20231007181217, 56633, 15287, 22.0
20231007181217, 14537, 13165, 22.0
20231007181217, 25339, 213, 22.0
20231007181217, 47857, 4039, 23.0
20231007181217, 41879, 11213, 23.0
20231007181217, 38783, 1485, 23.0
20231007181217, 49993, 10703, 23.0
20231007181217, 57853, 10612, 23.0
20231007181217, 55763, 11091, 23.0
20231007181217, 63487, 15279, 23.0
20231007181217, 65011, 14691, 23.0
20231007181217, 28663, 8095, 23.0
20231007181217, 17383, 7711, 23.0
20231007181217, 41203, 14287, 23.0
20231007181217, 63743, 7523, 24.0
20231007181217, 48473, 15717, 24.0
20231007181217, 28603, 11949, 24.0
20231007181217, 41983, 10967, 24.0
20231007181217, 45533, 12231, 24.0
20231007181217, 53047, 11005, 24.0
20231007181217, 46027, 8652, 25.0
20231007181217, 62683, 11461, 25.0
20231007181217, 15667, 15061, 25.0
20231007181217, 48767, 2031, 25.0
20231007181217, 61417, 16215, 25.0
20231007181217, 63467, 10863, 25.0
20231007181217, 61687, 12063, 25.0
20231007181217, 50069, 12011, 25.0
20231007181217, 32363, 8157, 26.0
20231007181217, 60383, 8003, 26.0
20231007181217, 51787, 10631, 26.0
20231007181217, 12577, 16357, 26.0
20231007181217, 48589, 1741, 26.0
20231007181217, 27449, 13881, 26.0
20231007181217, 8581, 13937, 26.0
20231007181217, 45307, 8447, 27.0
20231007181217, 40169, 4827, 28.0
20231007181217, 49789, 6477, 28.0
20231007181217, 13807, 14893, 29.0
20231007181217, 59069, 5076, 29.0
20231007181217, 4603, 15199, 29.0
20231007181217, 8693, 10849, 30.0
20231007181217, 49877, 15951, 31.0
20231007181238, 61651, 4604, 13.0
20231007181238, 57251, 14202, 14.0
20231007181238, 33619, 7787, 14.0
20231007181238, 64081, 10058, 14.0
20231007181238, 35363, 13647, 14.0
20231007181238, 28631, 16331, 15.0
20231007181238, 26713, 10730, 15.0
20231007181238, 57697, 15214, 15.0
20231007181238, 28871, 14686, 16.0
20231007181238, 10369, 13187, 16.0
20231007181238, 18787, 9599, 16.0
20231007181238, 6949, 16215, 16.0
20231007181238, 57901, 11606, 16.0
20231007181238, 21557, 15255, 16.0
20231007181238, 25733, 8543, 17.0
20231007181238, 23057, 13270, 17.0
20231007181238, 2677, 7254, 18.0
20231007181238, 37447, 9582, 18.0
20231007181238, 46439, 6491, 18.0
20231007181238, 26669, 13146, 18.0
20231007181238, 41399, 4814, 18.0
20231007181238, 16519, 15187, 18.0
20231007181238, 21031, 7667, 18.0
20231007181238, 53299, 5590, 18.0
20231007181238, 4007, 12154, 19.0
20231007181238, 35869, 7027, 19.0
20231007181238, 55313, 7902, 19.0
20231007181238, 22531, 12638, 19.0
20231007181238, 47287, 15706, 19.0
20231007181238, 22993, 15738, 19.0
20231007181238, 32933, 9157, 20.0
20231007181238, 54469, 10718, 20.0
20231007181238, 5189, 13287, 20.0
20231007181238, 52051, 15835, 20.0
20231007181238, 51719, 6495, 20.0
20231007181238, 20743, 1151, 20.0
20231007181238, 52291, 8566, 20.0
20231007181238, 53891, 15135, 20.0
20231007181238, 26821, 7483, 21.0
20231007181238, 43201, 13603, 21.0
20231007181238, 6151, 15354, 21.0
20231007181238, 24953, 16371, 21.0
20231007181238, 36373, 6430, 21.0
20231007181238, 34273, 5470, 21.0
20231007181238, 16451, 11258, 21.0
20231007181238, 19979, 13022, 21.0
20231007181238, 6473, 10623, 21.0
20231007181238, 25171, 11127, 22.0
20231007181238, 65173, 14091, 22.0
20231007181238, 44617, 13722, 22.0
20231007181238, 18979, 14663, 23.0
20231007181238, 28771, 11745, 23.0
20231007181238, 59399, 13814, 23.0
20231007181238, 32869, 8046, 23.0
20231007181238, 1669, 14155, 23.0
20231007181238, 19013, 13387, 23.0
20231007181238, 22741, 5983, 24.0
20231007181238, 103, 16215, 24.0
20231007181238, 58573, 14802, 24.0
20231007181238, 23041, 14814, 25.0
20231007181238, 10247, 3314, 25.0
20231007181238, 20773, 7901, 25.0
20231007181238, 4357, 12127, 25.0
20231007181238, 34019, 9055, 26.0
20231007181238, 15107, 5743, 27.0
20231007181238, 32327, 9183, 27.0
20231007181238, 129037, 1490, 10.0
20231007181238, 82903, 7007, 10.0
20231007181238, 66067, 6491, 16.0
20231007181238, 90371, 13787, 16.0
20231007181238, 77377, 9724, 16.0
20231007181238, 72223, 5444, 17.0
20231007181238, 127877, 9598, 17.0
20231007181238, 110849, 13103, 17.0
20231007181238, 68213, 7254, 18.0
20231007181238, 102983, 9582, 18.0
20231007181238, 98773, 8518, 18.0
20231007181238, 94529, 13595, 19.0
20231007181238, 95441, 10716, 19.0
20231007181238, 72871, 13791, 19.0
20231007181238, 100391, 15710, 19.0
20231007181238, 84163, 1430, 20.0
20231007181238, 97841, 15130, 21.0
20231007181238, 99809, 5470, 21.0
20231007181238, 70867, 1883, 21.0
20231007181238, 66739, 14302, 21.0
20231007181238, 67559, 3295, 22.0
20231007181238, 81637, 15835, 22.0
20231007181238, 88903, 12727, 24.0
20231007181238, 66947, 9047, 25.0
20231007181238, 85601, 7650, 25.0
20231007181403, 14591, 12839, 10.0
20231007181403, 61463, 15468, 10.0
20231007181403, 59029, 11887, 11.0
20231007181403, 47737, 1131, 11.0
20231007181403, 18089, 7079, 12.0
20231007181403, 10861, 10759, 12.0
20231007181403, 27893, 7931, 13.0
20231007181403, 41491, 6740, 13.0
20231007181403, 28387, 10797, 13.0
20231007181403, 65267, 10863, 14.0
20231007181403, 63649, 5179, 14.0
20231007181403, 44809, 13923, 16.0
20231007181403, 30577, 12909, 16.0
20231007181403, 21107, 16103, 16.0
20231007181403, 65063, 15974, 16.0
20231007181403, 24083, 15999, 16.0
20231007181403, 25169, 15965, 16.0
20231007181403, 16127, 14971, 16.0
20231007181403, 65521, 12911, 17.0
20231007181403, 62653, 16237, 17.0
20231007181403, 28657, 14511, 17.0
20231007181403, 25583, 14381, 17.0
20231007181403, 4957, 14863, 17.0
20231007181403, 31573, 12141, 17.0
20231007181403, 30859, 14390, 17.0
20231007181403, 42787, 15873, 17.0
20231007181403, 30517, 13071, 17.0
20231007181403, 61471, 13694, 17.0
20231007181403, 53503, 6719, 17.0
20231007181403, 32693, 10799, 17.0
20231007181403, 34429, 16166, 18.0
20231007181403, 31121, 7823, 18.0
20231007181403, 13049, 7803, 18.0
20231007181403, 31481, 5243, 18.0
20231007181403, 62207, 11877, 18.0
20231007181403, 64333, 1647, 18.0
20231007181403, 29333, 15095, 18.0
20231007181403, 63073, 14886, 18.0
20231007181403, 14197, 15015, 18.0
20231007181403, 22453, 5851, 18.0
20231007181403, 60017, 15963, 18.0
20231007181403, 58481, 14958, 18.0
20231007181403, 26227, 5357, 19.0
20231007181403, 63361, 9934, 19.0
20231007181403, 62131, 15197, 20.0
20231007181403, 63487, 6985, 20.0
20231007181403, 18367, 9103, 20.0
20231007181403, 12511, 7731, 20.0
20231007181403, 12893, 12645, 20.0
20231007181403, 8693, 6739, 20.0
20231007181403, 14449, 16079, 20.0
20231007181403, 30497, 5933, 20.0
20231007181403, 64151, 12375, 20.0
20231007181403, 20431, 14462, 20.0
20231007181403, 16253, 10091, 20.0
20231007181403, 28729, 8163, 21.0
20231007181403, 29297, 7414, 21.0
20231007181403, 30427, 14955, 21.0
20231007181403, 49123, 12847, 21.0
20231007181403, 57329, 7690, 21.0
20231007181403, 30259, 4971, 21.0
20231007181403, 26783, 15671, 21.0
20231007181403, 31357, 9657, 22.0
20231007181403, 41969, 14049, 22.0
20231007181403, 64901, 13375, 22.0
20231007181403, 32341, 14958, 22.0
20231007181403, 31741, 7275, 22.0
20231007181403, 8297, 13935, 23.0
20231007181403, 12791, 14301, 23.0
20231007181403, 65497, 13919, 23.0
20231007181403, 48817, 15230, 23.0
20231007181403, 54011, 16383, 23.0
20231007181403, 1607, 6395, 23.0
20231007181403, 10061, 11231, 23.0
20231007181403, 17911, 7855, 24.0
20231007181403, 28789, 14063, 24.0
20231007181403, 26293, 15986, 24.0
20231007181403, 28621, 15946, 24.0
20231007181403, 30323, 5486, 24.0
20231007181403, 29641, 14438, 24.0
20231007181403, 4789, 14935, 25.0
20231007181403, 12917, 5755, 25.0
20231007181403, 63493, 9585, 26.0
20231007181409, 33599, 12283, 11.0
20231007181409, 20747, 16380, 12.0
20231007181409, 20939, 12285, 12.0
20231007181409, 463, 11133, 13.0
20231007181409, 38959, 9199, 13.0
20231007181409, 29641, 3787, 14.0
20231007181409, 51721, 6095, 15.0
20231007181409, 18233, 14299, 15.0
20231007181409, 3407, 15860, 15.0
20231007181409, 18191, 16349, 15.0
20231007181409, 17609, 10746, 16.0
20231007181409, 4357, 15859, 16.0
20231007181409, 9679, 12213, 16.0
20231007181409, 53597, 14329, 16.0
20231007181409, 17737, 7913, 16.0
20231007181409, 18329, 3563, 17.0
20231007181409, 6043, 2045, 17.0
20231007181409, 27481, 8140, 17.0
20231007181409, 19309, 11751, 17.0
20231007181409, 43969, 12281, 17.0
20231007181409, 22277, 16372, 17.0
20231007181409, 2441, 15869, 18.0
20231007181409, 47569, 16311, 18.0
20231007181409, 37313, 11258, 18.0
20231007181409, 4157, 11239, 18.0
20231007181409, 19861, 16339, 18.0
20231007181409, 32327, 11233, 18.0
20231007181409, 18919, 7877, 19.0
20231007181409, 6793, 7115, 19.0
20231007181409, 30469, 12278, 19.0
20231007181409, 10141, 16380, 19.0
20231007181409, 5441, 4077, 19.0
20231007181409, 33349, 12263, 19.0
20231007181409, 37201, 13251, 19.0
20231007181409, 17099, 16341, 19.0
20231007181409, 13249, 3575, 19.0
20231007181409, 21893, 8117, 20.0
20231007181409, 5701, 3833, 20.0
20231007181409, 5801, 8189, 20.0
20231007181409, 49481, 12243, 20.0
20231007181409, 35533, 13813, 20.0
20231007181409, 5519, 15357, 20.0
20231007181409, 19913, 12275, 20.0
20231007181409, 6977, 9946, 20.0
20231007181409, 4231, 16371, 21.0
20231007181409, 9311, 16371, 21.0
20231007181409, 11113, 11737, 21.0
20231007181409, 11083, 6622, 21.0
20231007181409, 20809, 12245, 21.0
20231007181409, 13597, 8177, 21.0
20231007181409, 38729, 16291, 21.0
20231007181409, 4889, 8187, 21.0
20231007181409, 4957, 8187, 21.0
20231007181409, 10253, 1497, 21.0
20231007181409, 37337, 12259, 22.0
20231007181409, 19213, 11761, 22.0
20231007181409, 61757, 7161, 22.0
20231007181409, 8009, 11732, 22.0
20231007181409, 39409, 7167, 22.0
20231007181409, 15173, 6810, 22.0
20231007181409, 9587, 15865, 22.0
20231007181409, 50123, 15867, 22.0
20231007181409, 35089, 15348, 23.0
20231007181409, 26177, 8181, 23.0
20231007181409, 33601, 15347, 23.0
20231007181409, 18253, 14574, 23.0
20231007181409, 23371, 4083, 24.0
20231007181409, 853, 16379, 24.0
20231007181409, 4441, 12121, 24.0
20231007181409, 15937, 8185, 24.0
20231007181409, 38119, 11741, 24.0
20231007181409, 25561, 14327, 25.0
20231007181409, 719, 16351, 25.0
20231007181409, 24841, 16375, 25.0
20231007181409, 18457, 12261, 25.0
20231007181409, 50989, 12014, 26.0
20231007181409, 63299, 9912, 26.0
20231007181409, 1229, 16375, 26.0
20231007181409, 21341, 12026, 26.0
20231007181409, 25933, 12287, 26.0
20231007181409, 21001, 14733, 27.0
20231007181409, 28949, 16119, 28.0
20231007181409, 2377, 15214, 30.0
20231007181409, 53569, 2042, 31.0
20231007181409, 73699, 12271, 12.0
20231007181409, 74561, 12213, 13.0
20231007181409, 73561, 15855, 15.0
20231007181409, 112589, 12285, 16.0
20231007181409, 83791, 3803, 16.0
20231007181409, 69997, 3533, 16.0
20231007181409, 117673, 2007, 17.0
20231007181409, 108929, 16327, 17.0
20231007181409, 82189, 8186, 18.0
20231007181409, 108109, 15354, 18.0
20231007181409, 125029, 15359, 18.0
20231007181409, 90907, 12285, 19.0
20231007181409, 67867, 7655, 19.0
20231007181409, 82493, 16375, 19.0
20231007181409, 86297, 4070, 19.0
20231007181409, 71237, 3833, 20.0
20231007181409, 83813, 12275, 20.0
20231007181409, 78427, 16374, 20.0
20231007181409, 121181, 12266, 20.0
20231007181409, 96137, 12281, 20.0
20231007181409, 90917, 8168, 20.0
20231007181409, 83737, 15867, 20.0
20231007181409, 70841, 7656, 20.0
20231007181409, 117437, 15317, 20.0
20231007181409, 83257, 16113, 20.0
20231007181409, 112181, 15865, 20.0
20231007181409, 67933, 13053, 20.0
20231007181409, 69767, 16371, 21.0
20231007181409, 76649, 11737, 21.0
20231007181409, 79133, 8177, 21.0
20231007181409, 123727, 15855, 21.0
20231007181409, 104779, 7935, 21.0
20231007181409, 74489, 6809, 21.0
20231007181409, 82237, 12249, 21.0
20231007181409, 87973, 16381, 21.0
20231007181409, 83609, 14057, 22.0
20231007181409, 82591, 14291, 22.0
20231007181409, 70459, 11772, 23.0
20231007181409, 79769, 12277, 23.0
20231007181409, 70123, 8159, 23.0
20231007181409, 82889, 11251, 24.0
20231007181409, 85093, 7158, 24.0
20231007181409, 66683, 12011, 24.0
20231007181409, 91097, 14327, 25.0
20231007181409, 95261, 15358, 25.0
20231007181409, 119101, 15255, 26.0
20231007181409, 82891, 12255, 26.0
20231007181409, 99817, 15088, 28.0
20231007181409, 107339, 11253, 29.0
20231007181409, 104239, 10735, 31.0
20231007181409, 88001, 12269, 33.0
20231007181509, 102367, 15339, 12.0
20231007181509, 106451, 11998, 12.0
20231007181509, 121271, 16215, 12.0
20231007181509, 105263, 24056, 12.0
20231007181509, 109471, 24255, 13.0
20231007181509, 118061, 6093, 13.0
20231007181509, 93151, 11582, 14.0
20231007181509, 130553, 24555, 14.0
20231007181509, 104399, 15783, 15.0
20231007181509, 38317, 16127, 15.0
20231007181509, 35531, 14318, 15.0
20231007181509, 108791, 12278, 15.0
20231007181509, 79283, 16351, 16.0
20231007181509, 113647, 15102, 16.0
20231007181509, 108263, 6639, 16.0
20231007181509, 114083, 18078, 16.0
20231007181509, 80407, 15834, 16.0
20231007181509, 58207, 11632, 16.0
20231007181509, 40927, 32199, 16.0
20231007181509, 80929, 11637, 16.0
20231007181509, 38711, 16383, 16.0
20231007181509, 98999, 12007, 16.0
20231007181509, 86453, 12197, 17.0
20231007181509, 113143, 11581, 17.0
20231007181509, 105251, 15101, 17.0
20231007181509, 46889, 32685, 18.0
20231007181509, 38903, 13791, 18.0
20231007181509, 40111, 16311, 18.0
20231007181509, 112603, 23252, 18.0
20231007181509, 64627, 16274, 18.0
20231007181509, 131063, 15327, 18.0
20231007181509, 97103, 9723, 18.0
20231007181509, 79579, 2767, 19.0
20231007181509, 51563, 11582, 19.0
20231007181509, 109391, 32246, 19.0
20231007181509, 60623, 11959, 19.0
20231007181509, 103967, 15804, 19.0
20231007181509, 105601, 14004, 19.0
20231007181509, 124703, 7679, 20.0
20231007181509, 120391, 11758, 20.0
20231007181509, 14767, 11450, 20.0
20231007181509, 63347, 24493, 20.0
20231007181509, 120823, 30635, 20.0
20231007181509, 119183, 15806, 20.0
20231007181509, 131071, 16327, 20.0
20231007181509, 34739, 14247, 21.0
20231007181509, 105983, 28346, 21.0
20231007181509, 62351, 12255, 21.0
20231007181509, 50423, 11684, 21.0
20231007181509, 129959, 9967, 21.0
20231007181509, 42473, 32150, 21.0
20231007181509, 64663, 11519, 21.0
20231007181509, 101323, 15735, 21.0
20231007181509, 112979, 24523, 21.0
20231007181509, 32719, 27902, 21.0
20231007181509, 71347, 23926, 22.0
20231007181509, 37549, 15351, 22.0
20231007181509, 47911, 16031, 22.0
20231007181509, 128951, 19815, 22.0
20231007181509, 120319, 16103, 22.0
20231007181509, 31957, 3898, 22.0
20231007181509, 31727, 14709, 22.0
20231007181509, 109859, 16357, 22.0
20231007181509, 63199, 15935, 22.0
20231007181509, 114167, 12255, 22.0
20231007181509, 109919, 11870, 22.0
20231007181509, 116159, 32442, 22.0
20231007181509, 128287, 29358, 23.0
20231007181509, 50647, 3474, 23.0
20231007181509, 80783, 11563, 23.0
20231007181509, 73727, 24062, 23.0
20231007181509, 130987, 15821, 23.0
20231007181509, 113963, 12223, 23.0
20231007181509, 118751, 11455, 23.0
20231007181509, 47903, 11261, 23.0
20231007181509, 105167, 27903, 24.0
20231007181509, 100847, 7675, 24.0
20231007181509, 120767, 22986, 24.0
20231007181509, 35171, 6555, 25.0
20231007181509, 56359, 12218, 25.0
20231007181509, 63463, 14285, 26.0
20231007181509, 86711, 20151, 26.0
20231007181509, 32191, 16121, 27.0
20231007181509, 64919, 27375, 27.0
20231007181509, 110311, 24239, 28.0
20231007181509, 63743, 23995, 28.0
20231007181509, 40933, 7591, 23.0
20231007181509, 43499, 6655, 30.0
20231007181509, 23167, 20471, 31.0
20231007181516, 73561, 28367, 17.0
20231007181516, 39581, 21113, 17.0
20231007181516, 29717, 23294, 17.0
20231007181516, 129707, 31732, 18.0
20231007181516, 44771, 27635, 19.0
20231007181516, 103123, 14071, 19.0
20231007181516, 109567, 28203, 20.0
20231007181516, 61223, 29690, 20.0
20231007181516, 54091, 12378, 21.0
20231007181516, 64403, 30547, 21.0
20231007181516, 12601, 29676, 21.0
20231007181516, 106781, 22779, 21.0
20231007181516, 37649, 7791, 21.0
20231007181516, 10369, 16335, 21.0
20231007181516, 72287, 30591, 21.0
20231007181516, 2677, 30575, 21.0
20231007181516, 2633, 14141, 22.0
20231007181516, 33587, 27065, 22.0
20231007181516, 35507, 21982, 22.0
20231007181516, 33409, 6891, 22.0
20231007181516, 31547, 18943, 23.0
20231007181516, 41579, 12653, 23.0
20231007181516, 73859, 20079, 23.0
20231007181516, 12953, 15327, 24.0
20231007181516, 6203, 32215, 24.0
20231007181516, 95731, 28319, 24.0
20231007181516, 7993, 12173, 24.0
20231007181516, 53899, 13702, 24.0
20231007181516, 41737, 26387, 24.0
20231007181516, 643, 19774, 24.0
20231007181516, 31393, 16198, 24.0
20231007181516, 60133, 19963, 24.0
20231007181516, 70001, 32590, 25.0
20231007181516, 54833, 23833, 25.0
20231007181516, 110771, 24025, 25.0
20231007181516, 17077, 18487, 25.0
20231007181516, 94777, 30143, 25.0
20231007181516, 67271, 31410, 25.0
20231007181516, 41017, 24546, 25.0
20231007181516, 94793, 29688, 25.0
20231007181516, 48121, 23548, 26.0
20231007181516, 68161, 26431, 26.0
20231007181516, 65921, 30839, 26.0
20231007181516, 41659, 23247, 26.0
20231007181516, 78779, 30003, 26.0
20231007181516, 17569, 29671, 27.0
20231007181516, 61961, 15765, 27.0
20231007181516, 78649, 32679, 27.0
20231007181516, 92761, 23535, 28.0
20231007181516, 113513, 27994, 28.0
20231007181516, 113131, 29951, 28.0
20231007181516, 74597, 12239, 28.0
20231007181516, 49921, 32123, 28.0
20231007181516, 39373, 26695, 28.0
20231007181516, 37369, 25926, 29.0
20231007181516, 87629, 21501, 29.0
20231007181516, 93923, 21230, 29.0
20231007181516, 11833, 32163, 29.0
20231007181516, 9161, 19435, 29.0
20231007181516, 33403, 16219, 29.0
20231007181516, 103387, 24303, 29.0
20231007181516, 64679, 30699, 30.0
20231007181516, 80953, 30647, 30.0
20231007181516, 1627, 22205, 30.0
20231007181516, 13109, 23733, 30.0
20231007181516, 65353, 30119, 31.0
20231007181516, 20743, 31983, 31.0
20231007181516, 129499, 7165, 32.0
20231007181516, 72613, 14799, 32.0
20231007181516, 38833, 23035, 33.0
20231007181516, 103451, 30143, 33.0
20231007181516, 53917, 4942, 34.0
20231007181516, 1993, 31231, 34.0
20231007181516, 5273, 24477, 35.0
20231007181516, 225457, 23623, 18.0
20231007181516, 250153, 27515, 18.0
20231007181516, 175843, 27635, 19.0
20231007181516, 244411, 15343, 20.0
20231007181516, 138139, 7005, 20.0
20231007181516, 151573, 21753, 20.0
20231007181516, 144569, 29692, 21.0
20231007181516, 164371, 21871, 21.0
20231007181516, 205391, 31577, 21.0
20231007181516, 237361, 30190, 21.0
20231007181516, 258499, 32102, 22.0
20231007181516, 187139, 30199, 22.0
20231007181516, 204931, 20079, 23.0
20231007181516, 201437, 31975, 23.0
20231007181516, 244633, 21734, 23.0
20231007181516, 233407, 23934, 23.0
20231007181516, 261089, 17379, 23.0
20231007181516, 212881, 19454, 24.0
20231007181516, 251291, 30604, 24.0
20231007181516, 239387, 30439, 25.0
20231007181516, 201623, 6734, 25.0
20231007181516, 179573, 26495, 25.0
20231007181516, 168089, 24478, 25.0
20231007181516, 177953, 30027, 26.0
20231007181516, 233881, 22471, 26.0
20231007181516, 258353, 31719, 27.0
20231007181516, 235309, 24022, 27.0
20231007181516, 227497, 21199, 27.0
20231007181516, 147977, 31215, 27.0
20231007181516, 149111, 30583, 28.0
20231007181516, 160627, 22507, 28.0
20231007181516, 142897, 30099, 30.0
20231007181516, 241313, 23791, 30.0
20231007181516, 232049, 23774, 31.0
20231007181516, 176797, 27677, 32.0
20231007181516, 176129, 23206, 34.0
20231007181609, 56711, 12244, 11.0
20231007181609, 62423, 14335, 12.0
20231007181609, 63377, 5853, 14.0
20231007181609, 44543, 24124, 14.0
20231007181609, 54679, 5815, 14.0
20231007181609, 116731, 26573, 14.0
20231007181609, 89501, 10173, 15.0
20231007181609, 94841, 25661, 16.0
20231007181609, 64679, 7935, 16.0
20231007181609, 122279, 14164, 16.0
20231007181609, 58379, 24191, 16.0
20231007181609, 85991, 14077, 17.0
20231007181609, 28097, 24411, 17.0
20231007181609, 56807, 20205, 17.0
20231007181609, 40427, 4052, 17.0
20231007181609, 128747, 25708, 17.0
20231007181609, 110527, 30585, 17.0
20231007181609, 25801, 21725, 18.0
20231007181609, 32189, 6007, 18.0
20231007181609, 16231, 7155, 18.0
20231007181609, 108109, 22385, 18.0
20231007181609, 95989, 20092, 18.0
20231007181609, 128761, 22134, 19.0
20231007181609, 122021, 32473, 19.0
20231007181609, 56767, 21145, 19.0
20231007181609, 109541, 7742, 19.0
20231007181609, 16097, 28530, 19.0
20231007181609, 15569, 12025, 19.0
20231007181609, 87433, 18036, 19.0
20231007181609, 52813, 30669, 19.0
20231007181609, 130439, 5785, 19.0
20231007181609, 107747, 24573, 19.0
20231007181609, 30839, 23253, 20.0
20231007181609, 24469, 24447, 20.0
20231007181609, 31151, 15357, 20.0
20231007181609, 89611, 24173, 20.0
20231007181609, 109883, 31519, 20.0
20231007181609, 114281, 23156, 20.0
20231007181609, 28813, 12277, 20.0
20231007181609, 41927, 7902, 20.0
20231007181609, 56503, 32623, 20.0
20231007181609, 15733, 730, 21.0
20231007181609, 60607, 32093, 21.0
20231007181609, 110311, 23143, 21.0
20231007181609, 65519, 16206, 21.0
20231007181609, 120767, 6901, 21.0
20231007181609, 122273, 7914, 21.0
20231007181609, 11177, 24444, 21.0
20231007181609, 64709, 13048, 21.0
20231007181609, 50839, 8858, 21.0
20231007181609, 24527, 25706, 21.0
20231007181609, 129229, 22654, 22.0
20231007181609, 46957, 3789, 22.0
20231007181609, 11779, 5803, 22.0
20231007181609, 120293, 18028, 22.0
20231007181609, 56041, 22233, 22.0
20231007181609, 83597, 27221, 23.0
20231007181609, 65269, 22199, 23.0
20231007181609, 25703, 16337, 23.0
20231007181609, 40543, 18023, 23.0
20231007181609, 7883, 3900, 24.0
20231007181609, 128341, 29415, 25.0
20231007181609, 97789, 14020, 25.0
20231007181609, 62701, 21724, 26.0
20231007181609, 122029, 22461, 26.0
20231007181609, 64499, 16279, 26.0
20231007181609, 54013, 21105, 27.0
20231007181609, 81773, 14159, 27.0
20231007181615, 111781, 14671, 11.0
20231007181615, 73693, 16287, 12.0
20231007181615, 101333, 12765, 13.0
20231007181615, 48611, 29357, 13.0
20231007181615, 81703, 29534, 14.0
20231007181615, 20183, 23407, 15.0
20231007181615, 78079, 14975, 16.0
20231007181615, 113381, 7140, 16.0
20231007181615, 71287, 29397, 16.0
20231007181615, 65587, 16235, 16.0
20231007181615, 98909, 3869, 16.0
20231007181615, 42737, 15272, 16.0
20231007181615, 22639, 25333, 17.0
20231007181615, 99761, 13148, 17.0
20231007181615, 99371, 14159, 17.0
20231007181615, 78823, 28157, 17.0
20231007181615, 47441, 15279, 17.0
20231007181615, 13043, 12271, 17.0
20231007181615, 5413, 30056, 17.0
20231007181615, 104597, 29662, 17.0
20231007181615, 30211, 29032, 17.0
20231007181615, 43591, 15301, 17.0
20231007181615, 110933, 5007, 18.0
20231007181615, 61511, 30191, 18.0
20231007181615, 83653, 23277, 18.0
20231007181615, 55793, 10879, 18.0
20231007181615, 33403, 12527, 18.0
20231007181615, 16561, 21359, 18.0
20231007181615, 20173, 12399, 18.0
20231007181615, 26183, 23262, 18.0
20231007181615, 24229, 31662, 18.0
20231007181615, 95603, 13419, 18.0
20231007181615, 1637, 13533, 19.0
20231007181615, 11831, 14173, 19.0
20231007181615, 57557, 25209, 19.0
20231007181615, 81799, 31230, 19.0
20231007181615, 69119, 30570, 19.0
20231007181615, 129769, 31727, 19.0
20231007181615, 120689, 32732, 20.0
20231007181615, 41969, 25161, 20.0
20231007181615, 74293, 7517, 20.0
20231007181615, 87679, 8165, 20.0
20231007181615, 111487, 6495, 20.0
20231007181615, 103423, 31652, 20.0
20231007181615, 30169, 16175, 20.0
20231007181615, 49477, 26591, 20.0
20231007181615, 85331, 28139, 20.0
20231007181615, 13901, 13023, 20.0
20231007181615, 22073, 30655, 20.0
20231007181615, 6323, 15060, 20.0
20231007181615, 50227, 13133, 21.0
20231007181615, 113761, 7587, 21.0
20231007181615, 84247, 19837, 21.0
20231007181615, 108223, 11213, 21.0
20231007181615, 48197, 9629, 22.0
20231007181615, 81919, 16249, 22.0
20231007181615, 25679, 9839, 22.0
20231007181615, 83663, 29661, 22.0
20231007181615, 24943, 32550, 22.0
20231007181615, 124897, 14959, 22.0
20231007181615, 120503, 27495, 22.0
20231007181615, 115679, 25205, 22.0
20231007181615, 53239, 5102, 22.0
20231007181615, 26293, 10042, 22.0
20231007181615, 75641, 32619, 22.0
20231007181615, 75329, 21499, 22.0
20231007181615, 16741, 11103, 22.0
20231007181615, 86269, 25462, 23.0
20231007181615, 79481, 27116, 23.0
20231007181615, 84407, 14973, 23.0
20231007181615, 109937, 21247, 23.0
20231007181615, 124739, 32445, 23.0
20231007181615, 91943, 32719, 23.0
20231007181615, 29437, 14319, 23.0
20231007181615, 53617, 26334, 23.0
20231007181615, 75557, 13166, 24.0
20231007181615, 16067, 7167, 24.0
20231007181615, 74449, 8173, 24.0
20231007181615, 108293, 13756, 24.0
20231007181615, 103069, 15993, 25.0
20231007181615, 123593, 12198, 25.0
20231007181615, 49957, 16637, 25.0
20231007181615, 17011, 28526, 25.0
20231007181615, 82981, 15805, 25.0
20231007181615, 74201, 30151, 26.0
20231007181615, 83873, 13043, 26.0
20231007181615, 3559, 31692, 26.0
20231007181615, 87671, 27599, 26.0
20231007181615, 74197, 8031, 26.0
20231007181615, 121967, 28623, 26.0
20231007181615, 24317, 7463, 26.0
20231007181615, 22259, 14189, 26.0
20231007181615, 30161, 14271, 27.0
20231007181615, 77783, 4975, 27.0
20231007181615, 127747, 12253, 27.0
20231007181615, 123527, 23227, 27.0
20231007181615, 1181, 12029, 27.0
20231007181615, 85313, 23413, 28.0
20231007181615, 82567, 15549, 28.0
20231007181615, 94771, 12029, 29.0
20231007181615, 119671, 17269, 30.0
20231007181615, 224929, 29563, 12.0
20231007181615, 137771, 12783, 12.0
20231007181615, 176087, 23519, 13.0
20231007181615, 210407, 30177, 15.0
20231007181615, 229981, 3869, 16.0
20231007181615, 205111, 24957, 16.0
20231007181615, 214741, 29623, 17.0
20231007181615, 135221, 12638, 17.0
20231007181615, 229237, 25959, 17.0
20231007181615, 249563, 29535, 17.0
20231007181615, 210599, 31591, 17.0
20231007181615, 169943, 7134, 17.0
20231007181615, 157127, 32605, 17.0
20231007181615, 132709, 13533, 19.0
20231007181615, 149489, 15263, 19.0
20231007181615, 142903, 14173, 19.0
20231007181615, 200191, 30570, 19.0
20231007181615, 231461, 30023, 19.0
20231007181615, 226903, 22093, 19.0
20231007181615, 202549, 719, 20.0
20231007181615, 141221, 29694, 20.0
20231007181615, 231367, 31326, 21.0
20231007181615, 226013, 30543, 21.0
20231007181615, 227431, 32589, 21.0
20231007181615, 151573, 12927, 22.0
20231007181615, 140527, 32161, 22.0
20231007181615, 245477, 29053, 22.0
20231007181615, 160117, 5116, 22.0
20231007181615, 196277, 28639, 23.0
20231007181615, 131363, 11591, 23.0
20231007181615, 237301, 11775, 23.0
20231007181615, 154807, 12079, 23.0
20231007181615, 147139, 7167, 24.0
20231007181615, 197971, 30925, 25.0
20231007181615, 191693, 15916, 26.0
20231007181615, 234217, 23159, 26.0
20231007181615, 239147, 29525, 27.0
20231007181615, 181213, 5861, 27.0
20231007181615, 141131, 14839, 28.0
20231007181615, 161149, 5419, 28.0
20231007181615, 214007, 14309, 29.0
20231007181615, 222149, 31627, 29.0
20231007181742, 52543, 3893, 14.0
20231007181742, 223103, 24801, 15.0
20231007181742, 32183, 3467, 15.0
20231007181742, 245821, 57067, 15.0
20231007181742, 61879, 27386, 15.0
20231007181742, 116177, 34725, 16.0
20231007181742, 147151, 50830, 16.0
20231007181742, 121727, 52987, 16.0
20231007181742, 137597, 32090, 17.0
20231007181742, 177167, 18842, 17.0
20231007181742, 147263, 65289, 17.0
20231007181742, 44927, 12202, 17.0
20231007181742, 255667, 27958, 17.0
20231007181742, 29683, 59248, 17.0
20231007181742, 114161, 25258, 17.0
20231007181742, 83227, 16349, 18.0
20231007181742, 225257, 28106, 18.0
20231007181742, 97777, 6378, 18.0
20231007181742, 195389, 24565, 18.0
20231007181742, 248057, 43621, 18.0
20231007181742, 171131, 39586, 18.0
20231007181742, 75721, 52676, 18.0
20231007181742, 171629, 19702, 19.0
20231007181742, 77681, 20422, 19.0
20231007181742, 216317, 31115, 19.0
20231007181742, 211583, 52603, 19.0
20231007181742, 65407, 57129, 19.0
20231007181742, 60899, 8166, 19.0
20231007181742, 196003, 63221, 19.0
20231007181742, 147283, 53159, 19.0
20231007181742, 32117, 53059, 19.0
20231007181742, 223547, 32500, 19.0
20231007181742, 491, 61206, 19.0
20231007181742, 182243, 20363, 19.0
20231007181742, 47591, 32665, 19.0
20231007181742, 62971, 38695, 19.0
20231007181742, 56591, 4022, 19.0
20231007181742, 208253, 38386, 19.0
20231007181742, 159349, 65061, 20.0
20231007181742, 142589, 29995, 20.0
20231007181742, 32233, 24555, 20.0
20231007181742, 28603, 32212, 20.0
20231007181742, 152377, 22975, 20.0
20231007181742, 196477, 52571, 20.0
20231007181742, 257497, 40359, 20.0
20231007181742, 228797, 47979, 20.0
20231007181742, 256181, 30190, 20.0
20231007181742, 226487, 23211, 20.0
20231007181742, 79999, 27106, 20.0
20231007181742, 192383, 28614, 20.0
20231007181742, 155251, 42858, 20.0
20231007181742, 52981, 28122, 20.0
20231007181742, 192191, 32618, 21.0
20231007181742, 233141, 32495, 21.0
20231007181742, 228409, 48602, 21.0
20231007181742, 56569, 24494, 21.0
20231007181742, 27817, 7971, 21.0
20231007181742, 64921, 29929, 21.0
20231007181742, 195071, 20126, 21.0
20231007181742, 247249, 57554, 21.0
20231007181742, 257339, 60393, 21.0
20231007181742, 122867, 11938, 21.0
20231007181742, 15797, 4043, 21.0
20231007181742, 215359, 22455, 21.0
20231007181742, 236737, 24231, 21.0
20231007181742, 48187, 28347, 21.0
20231007181742, 97459, 49001, 22.0
20231007181742, 187711, 28459, 22.0
20231007181742, 177907, 34922, 22.0
20231007181742, 184043, 28610, 22.0
20231007181742, 114553, 27595, 22.0
20231007181742, 155921, 20394, 22.0
20231007181742, 257141, 31610, 22.0
20231007181742, 113819, 65187, 22.0
20231007181742, 24223, 4006, 22.0
20231007181742, 249463, 26407, 22.0
20231007181742, 76667, 36530, 22.0
20231007181742, 71933, 23405, 22.0
20231007181742, 32717, 1434, 22.0
20231007181742, 64747, 61183, 22.0
20231007181742, 64381, 26930, 22.0
20231007181742, 255869, 8124, 22.0
20231007181742, 246271, 32684, 23.0
20231007181742, 146933, 62261, 23.0
20231007181742, 60127, 51561, 23.0
20231007181742, 228341, 6590, 23.0
20231007181742, 241079, 24307, 23.0
20231007181742, 89203, 4055, 23.0
20231007181742, 124249, 32213, 23.0
20231007181742, 93053, 19150, 23.0
20231007181742, 158189, 22503, 24.0
20231007181742, 159737, 28627, 24.0
20231007181742, 223259, 64995, 24.0
20231007181742, 32443, 2915, 24.0
20231007181742, 156979, 56608, 24.0
20231007181742, 187069, 53170, 24.0
20231007181742, 64951, 52553, 24.0
20231007181742, 233323, 27507, 24.0
20231007181742, 130411, 56466, 25.0
20231007181742, 152429, 32725, 25.0
20231007181742, 192791, 24202, 25.0
20231007181742, 89329, 7035, 25.0
20231007181742, 190667, 31651, 25.0
20231007181742, 94841, 65444, 26.0
20231007181742, 151483, 20024, 26.0
20231007181742, 63521, 32703, 26.0
20231007181742, 229153, 61432, 26.0
20231007181742, 130489, 3388, 26.0
20231007181742, 124213, 25634, 26.0
20231007181742, 14627, 3652, 26.0
20231007181742, 155047, 28598, 26.0
20231007181742, 113723, 59271, 26.0
20231007181742, 188891, 63046, 26.0
20231007181742, 89983, 65272, 26.0
20231007181742, 253247, 23859, 27.0
20231007181742, 137209, 36034, 27.0
20231007181742, 177589, 3050, 27.0
20231007181742, 117881, 51654, 27.0
20231007181742, 221567, 20458, 19.0
20231007181742, 244403, 27103, 28.0
20231007181742, 146297, 28427, 28.0
20231007181742, 19949, 63345, 28.0
20231007181742, 245501, 35618, 28.0
20231007181742, 243643, 3403, 29.0
20231007181742, 147997, 19442, 29.0
20231007181742, 245437, 10953, 29.0
20231007181742, 8059, 24063, 31.0
20231007181742, 244813, 65509, 32.0
20231007181749, 85931, 31671, 15.0
20231007181749, 132749, 31741, 15.0
20231007181749, 245171, 64407, 16.0
20231007181749, 13219, 22223, 16.0
20231007181749, 113843, 52055, 17.0
20231007181749, 180617, 51903, 17.0
20231007181749, 68791, 60123, 17.0
20231007181749, 232451, 64087, 18.0
20231007181749, 150001, 22749, 18.0
20231007181749, 23291, 19263, 18.0
20231007181749, 192799, 51791, 18.0
20231007181749, 211979, 60415, 19.0
20231007181749, 148867, 64199, 19.0
20231007181749, 119971, 47839, 19.0
20231007181749, 167039, 52951, 19.0
20231007181749, 208261, 23381, 19.0
20231007181749, 146141, 51935, 19.0
20231007181749, 158663, 37759, 19.0
20231007181749, 146603, 31686, 19.0
20231007181749, 117023, 51799, 19.0
20231007181749, 148873, 61143, 19.0
20231007181749, 20177, 27350, 20.0
20231007181749, 150919, 65271, 20.0
20231007181749, 220421, 47806, 20.0
20231007181749, 143617, 30550, 20.0
20231007181749, 221581, 31487, 20.0
20231007181749, 203417, 60127, 20.0
20231007181749, 3461, 32317, 21.0
20231007181749, 68777, 59871, 21.0
20231007181749, 155443, 51591, 21.0
20231007181749, 171403, 65391, 21.0
20231007181749, 232699, 52182, 21.0
20231007181749, 114077, 65270, 21.0
20231007181749, 142369, 64222, 21.0
20231007181749, 228737, 15311, 21.0
20231007181749, 187669, 23230, 21.0
20231007181749, 10513, 43975, 21.0
20231007181749, 216481, 55982, 22.0
20231007181749, 242819, 64471, 22.0
20231007181749, 16249, 60015, 22.0
20231007181749, 158867, 29527, 22.0
20231007181749, 154243, 46759, 22.0
20231007181749, 141209, 64295, 22.0
20231007181749, 188291, 65214, 22.0
20231007181749, 190889, 11775, 22.0
20231007181749, 209299, 51934, 22.0
20231007181749, 210319, 27231, 22.0
20231007181749, 32309, 64494, 22.0
20231007181749, 175523, 41947, 22.0
20231007181749, 211093, 61887, 23.0
20231007181749, 49939, 48087, 23.0
20231007181749, 154027, 64447, 23.0
20231007181749, 258161, 55966, 23.0
20231007181749, 248461, 27229, 23.0
20231007181749, 187393, 43903, 23.0
20231007181749, 212353, 27295, 23.0
20231007181749, 204427, 64475, 23.0
20231007181749, 154769, 19286, 23.0
20231007181749, 179369, 56059, 24.0
20231007181749, 146857, 27359, 24.0
20231007181749, 81553, 60403, 24.0
20231007181749, 23561, 31694, 24.0
20231007181749, 142601, 30554, 24.0
20231007181749, 147397, 55941, 24.0
20231007181749, 1511, 11231, 24.0
20231007181749, 220169, 65271, 24.0
20231007181749, 155009, 64239, 24.0
20231007181749, 14983, 30108, 24.0
20231007181749, 185813, 23262, 24.0
20231007181749, 18587, 58048, 24.0
20231007181749, 241561, 26614, 25.0
20231007181749, 158161, 64438, 25.0
20231007181749, 8521, 55512, 25.0
20231007181749, 81203, 64207, 25.0
20231007181749, 160387, 15096, 25.0
20231007181749, 138727, 60263, 25.0
20231007181749, 51607, 52567, 25.0
20231007181749, 82963, 63455, 25.0
20231007181749, 143107, 64479, 25.0
20231007181749, 109721, 24020, 25.0
20231007181749, 105619, 55767, 26.0
20231007181749, 166027, 32539, 26.0
20231007181749, 101891, 31701, 27.0
20231007181749, 433, 15143, 27.0
20231007181749, 226337, 23493, 27.0
20231007181749, 159113, 31420, 27.0
20231007181749, 162971, 65259, 27.0
20231007181749, 165779, 28607, 27.0
20231007181749, 145931, 21212, 28.0
20231007181749, 164149, 31711, 29.0
20231007181749, 140417, 64123, 29.0
20231007181749, 155797, 32658, 29.0
20231007181749, 207241, 31711, 31.0
20231007181749, 12721, 55647, 31.0
20231007181749, 13217, 32767, 33.0
20231007181749, 225167, 23494, 33.0
20231007181749, 75193, 38815, 36.0
20231007181749, 417541, 31342, 13.0
20231007181749, 396449, 20210, 14.0
20231007181749, 470461, 55719, 16.0
20231007181749, 454919, 56195, 17.0
20231007181749, 442243, 55671, 17.0
20231007181749, 368881, 63830, 17.0
20231007181749, 328849, 47855, 19.0
20231007181749, 406579, 30175, 19.0
20231007181749, 478861, 12573, 19.0
20231007181749, 428429, 51899, 19.0
20231007181749, 468883, 14999, 19.0
20231007181749, 408223, 30679, 20.0
20231007181749, 347317, 43743, 21.0
20231007181749, 488611, 15226, 21.0
20231007181749, 407969, 48031, 21.0
20231007181749, 456457, 56094, 22.0
20231007181749, 439429, 31743, 22.0
20231007181749, 343169, 64967, 22.0
20231007181749, 278393, 60015, 22.0
20231007181749, 504853, 62359, 22.0
20231007181749, 416387, 46759, 22.0
20231007181749, 455849, 65011, 22.0
20231007181749, 393539, 31672, 22.0
20231007181749, 486677, 63917, 22.0
20231007181749, 482483, 52731, 23.0
20231007181749, 497839, 63837, 23.0
20231007181749, 429727, 37247, 23.0
20231007181749, 403877, 64975, 24.0
20231007181749, 418177, 30688, 24.0
20231007181749, 322963, 27903, 25.0
20231007181749, 519301, 23239, 25.0
20231007181749, 400871, 60263, 25.0
20231007181749, 482773, 56694, 26.0
20231007181749, 494687, 57054, 26.0
20231007181749, 280769, 32221, 26.0
20231007181749, 427439, 55782, 26.0
20231007181749, 286129, 15295, 27.0
20231007181749, 477329, 54559, 27.0
20231007181749, 346303, 64254, 28.0
20231007181749, 446881, 64215, 29.0
20231007181749, 437953, 62166, 29.0
20231007181749, 394549, 15350, 32.0
20231007181815, 127487, 27449, 13.0
20231007181815, 97943, 29981, 15.0
20231007181815, 229247, 39849, 15.0
20231007181815, 178877, 43454, 16.0
20231007181815, 108991, 23624, 16.0
20231007181815, 229037, 35117, 17.0
20231007181815, 242999, 22525, 17.0
20231007181815, 158071, 34094, 18.0
20231007181815, 179099, 24313, 18.0
20231007181815, 163517, 57341, 19.0
20231007181815, 120247, 64415, 19.0
20231007181815, 125429, 6443, 19.0
20231007181815, 125707, 32635, 19.0
20231007181815, 14549, 4025, 19.0
20231007181815, 257339, 12013, 19.0
20231007181815, 258023, 60831, 19.0
20231007181815, 226871, 7533, 20.0
20231007181815, 65419, 28469, 20.0
20231007181815, 261847, 56998, 20.0
20231007181815, 225751, 1307, 20.0
20231007181815, 125693, 24479, 21.0
20231007181815, 195731, 27947, 21.0
20231007181815, 125399, 30653, 21.0
20231007181815, 92077, 17828, 21.0
20231007181815, 259907, 24058, 21.0
20231007181815, 31541, 14701, 21.0
20231007181815, 28211, 8125, 21.0
20231007181815, 96763, 34101, 21.0
20231007181815, 172343, 52607, 22.0
20231007181815, 32183, 15641, 22.0
20231007181815, 241643, 41789, 22.0
20231007181815, 176599, 58751, 22.0
20231007181815, 112919, 13677, 22.0
20231007181815, 243709, 28345, 22.0
20231007181815, 146647, 15287, 22.0
20231007181815, 114319, 23451, 22.0
20231007181815, 130783, 28263, 22.0
20231007181815, 257399, 32553, 22.0
20231007181815, 252911, 52604, 23.0
20231007181815, 191669, 22813, 23.0
20231007181815, 242377, 22888, 23.0
20231007181815, 130409, 36766, 23.0
20231007181815, 221567, 27965, 23.0
20231007181815, 259507, 51513, 23.0
20231007181815, 162287, 26267, 23.0
20231007181815, 59351, 26431, 23.0
20231007181815, 108943, 18554, 23.0
20231007181815, 257519, 64175, 23.0
20231007181815, 241069, 44013, 24.0
20231007181815, 257783, 39280, 24.0
20231007181815, 261439, 5307, 24.0
20231007181815, 163243, 26431, 24.0
20231007181815, 60337, 36271, 24.0
20231007181815, 92251, 19819, 24.0
20231007181815, 31151, 30653, 24.0
20231007181815, 162293, 9772, 24.0
20231007181815, 244861, 52031, 24.0
20231007181815, 94111, 64441, 24.0
20231007181815, 212479, 20015, 24.0
20231007181815, 129263, 39925, 25.0
20231007181815, 178807, 56111, 25.0
20231007181815, 93607, 14492, 25.0
20231007181815, 178909, 35499, 25.0
20231007181815, 261823, 52341, 25.0
20231007181815, 227519, 28597, 25.0
20231007181815, 79657, 43135, 25.0
20231007181815, 64153, 24189, 26.0
20231007181815, 158519, 58685, 26.0
20231007181815, 243703, 15455, 26.0
20231007181815, 257711, 39837, 26.0
20231007181815, 145903, 48477, 26.0
20231007181815, 262103, 47036, 27.0
20231007181815, 124343, 6495, 27.0
20231007181815, 94117, 48023, 27.0
20231007181815, 163567, 22941, 27.0
20231007181815, 129533, 22967, 28.0
20231007181815, 228799, 16377, 28.0
20231007181815, 195997, 60221, 28.0
20231007181815, 43441, 15610, 28.0
20231007181815, 210823, 40127, 29.0
20231007181815, 81647, 40255, 29.0
20231007181815, 261077, 23852, 29.0
20231007181815, 120223, 12564, 29.0
20231007181815, 159079, 7088, 29.0
20231007181815, 129581, 59435, 29.0
20231007181815, 23003, 27069, 29.0
20231007181815, 261017, 31231, 29.0
20231007181815, 28087, 23481, 29.0
20231007181815, 73079, 21982, 31.0
20231007181815, 222967, 11855, 31.0
20231007181815, 32561, 51069, 31.0
20231007181822, 2179, 62836, 9.0
20231007181822, 10211, 54572, 12.0
20231007181822, 13721, 54266, 12.0
20231007181822, 6067, 12239, 15.0
20231007181822, 115057, 61358, 15.0
20231007181822, 153589, 64702, 16.0
20231007181822, 4657, 26462, 16.0
20231007181822, 50867, 26621, 17.0
20231007181822, 54419, 32492, 18.0
20231007181822, 26339, 25854, 18.0
20231007181822, 9931, 36829, 18.0
20231007181822, 99577, 54636, 18.0
20231007181822, 79801, 46072, 19.0
20231007181822, 72869, 53708, 19.0
20231007181822, 232753, 24445, 19.0
20231007181822, 81181, 46332, 19.0
20231007181822, 1153, 62974, 19.0
20231007181822, 205033, 34671, 20.0
20231007181822, 76697, 65518, 20.0
20231007181822, 1009, 58364, 20.0
20231007181822, 26557, 26014, 20.0
20231007181822, 200009, 53244, 20.0
20231007181822, 75169, 55007, 20.0
20231007181822, 4001, 58316, 20.0
20231007181822, 103889, 24301, 20.0
20231007181822, 148723, 46830, 21.0
20231007181822, 71257, 31352, 21.0
20231007181822, 82939, 21758, 21.0
20231007181822, 91229, 30172, 22.0
20231007181822, 65699, 30204, 22.0
20231007181822, 75347, 16878, 22.0
20231007181822, 142757, 65404, 22.0
20231007181822, 75731, 12263, 22.0
20231007181822, 110921, 37212, 22.0
20231007181822, 154339, 64286, 22.0
20231007181822, 17683, 28395, 22.0
20231007181822, 81649, 65021, 22.0
20231007181822, 34057, 42477, 22.0
20231007181822, 61121, 30190, 22.0
20231007181822, 177623, 10987, 23.0
20231007181822, 116201, 27614, 23.0
20231007181822, 173531, 44478, 23.0
20231007181822, 26263, 29645, 23.0
20231007181822, 33587, 48318, 23.0
20231007181822, 33073, 61391, 23.0
20231007181822, 140381, 44506, 23.0
20231007181822, 46573, 33837, 23.0
20231007181822, 108499, 14172, 23.0
20231007181822, 71089, 29416, 23.0
20231007181822, 39607, 25083, 23.0
20231007181822, 120097, 50173, 23.0
20231007181822, 241973, 53821, 24.0
20231007181822, 105691, 24557, 24.0
20231007181822, 120823, 59854, 24.0
20231007181822, 10039, 49884, 24.0
20231007181822, 89989, 25966, 24.0
20231007181822, 99961, 23613, 24.0
20231007181822, 222193, 61182, 24.0
20231007181822, 110119, 21468, 25.0
20231007181822, 75389, 23037, 25.0
20231007181822, 36299, 29437, 25.0
20231007181822, 67181, 14313, 25.0
20231007181822, 34781, 32254, 25.0
20231007181822, 124823, 65229, 25.0
20231007181822, 108187, 42457, 25.0
20231007181822, 9787, 29867, 25.0
20231007181822, 169523, 28137, 25.0
20231007181822, 176611, 15342, 26.0
20231007181822, 172751, 61102, 26.0
20231007181822, 101869, 58847, 26.0
20231007181822, 74719, 5373, 26.0
20231007181822, 42683, 61933, 26.0
20231007181822, 62017, 62188, 26.0
20231007181822, 83857, 47078, 26.0
20231007181822, 17137, 30188, 26.0
20231007181822, 27943, 53229, 26.0
20231007181822, 76537, 58095, 26.0
20231007181822, 140681, 7406, 27.0
20231007181822, 83869, 61300, 27.0
20231007181822, 126517, 59129, 27.0
20231007181822, 65719, 22476, 27.0
20231007181822, 108007, 62065, 27.0
20231007181822, 79393, 21722, 27.0
20231007181822, 21379, 44781, 28.0
20231007181822, 33461, 60749, 28.0
20231007181822, 42677, 54751, 28.0
20231007181822, 66067, 59130, 28.0
20231007181822, 73651, 64492, 28.0
20231007181822, 120763, 49306, 29.0
20231007181822, 132893, 62684, 30.0
20231007181822, 148913, 25836, 30.0
20231007181822, 212383, 2287, 30.0
20231007181822, 69019, 42335, 31.0
20231007181822, 102611, 30972, 31.0
20231007181822, 67349, 54762, 33.0
20231007181822, 264323, 62836, 9.0
20231007181822, 430571, 62941, 15.0
20231007181822, 309577, 49897, 16.0
20231007181822, 266801, 26462, 16.0
20231007181822, 339637, 60859, 17.0
20231007181822, 278947, 47102, 17.0
20231007181822, 430649, 62716, 18.0
20231007181822, 344189, 25836, 18.0
20231007181822, 385127, 26057, 19.0
20231007181822, 378559, 51182, 19.0
20231007181822, 298283, 28159, 20.0
20231007181822, 403103, 37838, 20.0
20231007181822, 435569, 46335, 20.0
20231007181822, 446227, 59129, 20.0
20231007181822, 303547, 64221, 20.0
20231007181822, 337313, 55007, 20.0
20231007181822, 362107, 26083, 20.0
20231007181822, 446111, 64878, 21.0
20231007181822, 493111, 29899, 21.0
20231007181822, 304723, 62443, 21.0
20231007181822, 329671, 30299, 21.0
20231007181822, 276181, 63174, 22.0
20231007181822, 441751, 22189, 22.0
20231007181822, 428039, 22505, 22.0
20231007181822, 296201, 42477, 22.0
20231007181822, 333269, 12749, 22.0
20231007181822, 342421, 63199, 22.0
20231007181822, 272423, 55516, 23.0
20231007181822, 386611, 58603, 23.0
20231007181822, 409043, 30701, 23.0
20231007181822, 333233, 29416, 23.0
20231007181822, 343237, 29419, 23.0
20231007181822, 423763, 15211, 24.0
20231007181822, 272183, 49884, 24.0
20231007181822, 431479, 59081, 25.0
20231007181822, 370021, 55764, 25.0
20231007181822, 336863, 5373, 26.0
20231007181822, 329657, 1660, 27.0
20231007181822, 476603, 58075, 28.0
20231007181822, 369553, 49053, 28.0
20231007181822, 499903, 22509, 28.0
20231007181822, 378019, 61311, 29.0
20231007181822, 271729, 23597, 30.0
20231007181822, 451859, 18154, 30.0
20231007181822, 280219, 53995, 31.0
