2
3
5
7
11
13
17
19
23
29
31
37
41
43
47
53
59
61
67
71
73
79
83
89
97
101
103
107
109
113
127
131
137
139
149
151
157
163
167
173
179
181
191
193
197
199
211
223
227
229
233
239
241
251
257
263
269
271
277
281
283
293
307
311
313
317
331
337
347
349
353
359
367
373
379
383
389
397
401
409
419
421
431
433
439
443
449
457
461
463
467
479
487
491
499
503
509
521
523
541
547
557
563
569
571
577
587
593
599
601
607
613
617
619
631
641
643
647
653
659
661
673
677
683
691
701
709
719
727
733
739
743
751
757
761
769
773
787
797
809
811
821
823
827
829
839
853
857
859
863
877
881
883
887
907
911
919
929
937
941
947
953
967
971
977
983
991
997
1009
1013
1019
1021
1031
1033
1039
1049
1051
1061
1063
1069
1087
1091
1093
1097
1103
1109
1117
1123
1129
1151
1153
1163
1171
1181
1187
1193
1201
1213
1217
1223
1229
1231
1237
1249
1259
1277
1279
1283
1289
1291
1297
1301
1303
1307
1319
1321
1327
1361
1367
1373
1381
1399
1409
1423
1427
1429
1433
1439
1447
1451
1453
1459
1471
1481
1483
1487
1489
1493
1499
1511
1523
1531
1543
1549
1553
1559
1567
1571
1579
1583
1597
1601
1607
1609
1613
1619
1621
1627
1637
1657
1663
1667
1669
1693
1697
1699
1709
1721
1723
1733
1741
1747
1753
1759
1777
1783
1787
1789
1801
1811
1823
1831
1847
1861
1867
1871
1873
1877
1879
1889
1901
1907
1913
1931
1933
1949
1951
1973
1979
1987
1993
1997
1999
2003
2011
2017
2027
2029
2039
2053
2063
2069
2081
2083
2087
2089
2099
2111
2113
2129
2131
2137
2141
2143
2153
2161
2179
2203
2207
2213
2221
2237
2239
2243
2251
2267
2269
2273
2281
2287
2293
2297
2309
2311
2333
2339
2341
2347
2351
2357
2371
2377
2381
2383
2389
2393
2399
2411
2417
2423
2437
2441
2447
2459
2467
2473
2477
2503
2521
2531
2539
2543
2549
2551
2557
2579
2591
2593
2609
2617
2621
2633
2647
2657
2659
2663
2671
2677
2683
2687
2689
2693
2699
2707
2711
2713
2719
2729
2731
2741
2749
2753
2767
2777
2789
2791
2797
2801
2803
2819
2833
2837
2843
2851
2857
2861
2879
2887
2897
2903
2909
2917
2927
2939
2953
2957
2963
2969
2971
2999
3001
3011
3019
3023
3037
3041
3049
3061
3067
3079
3083
3089
3109
3119
3121
3137
3163
3167
3169
3181
3187
3191
3203
3209
3217
3221
3229
3251
3253
3257
3259
3271
3299
3301
3307
3313
3319
3323
3329
3331
3343
3347
3359
3361
3371
3373
3389
3391
3407
3413
3433
3449
3457
3461
3463
3467
3469
3491
3499
3511
3517
3527
3529
3533
3539
3541
3547
3557
3559
3571
3581
3583
3593
3607
3613
3617
3623
3631
3637
3643
3659
3671
3673
3677
3691
3697
3701
3709
3719
3727
3733
3739
3761
3767
3769
3779
3793
3797
3803
3821
3823
3833
3847
3851
3853
3863
3877
3881
3889
3907
3911
3917
3919
3923
3929
3931
3943
3947
3967
3989
4001
4003
4007
4013
4019
4021
4027
4049
4051
4057
4073
4079
4091
4093
4099
4111
4127
4129
4133
4139
4153
4157
4159
4177
4201
4211
4217
4219
4229
4231
4241
4243
4253
4259
4261
4271
4273
4283
4289
4297
4327
4337
4339
4349
4357
4363
4373
4391
4397
4409
4421
4423
4441
4447
4451
4457
4463
4481
4483
4493
4507
4513
4517
4519
4523
4547
4549
4561
4567
4583
4591
4597
4603
4621
4637
4639
4643
4649
4651
4657
4663
4673
4679
4691
4703
4721
4723
4729
4733
4751
4759
4783
4787
4789
4793
4799
4801
4813
4817
4831
4861
4871
4877
4889
4903
4909
4919
4931
4933
4937
4943
4951
4957
4967
4969
4973
4987
4993
4999
5003
5009
5011
5021
5023
5039
5051
5059
5077
5081
5087
5099
5101
5107
5113
5119
5147
5153
5167
5171
5179
5189
5197
5209
5227
5231
5233
5237
5261
5273
5279
5281
5297
5303
5309
5323
5333
5347
5351
5381
5387
5393
5399
5407
5413
5417
5419
5431
5437
5441
5443
5449
5471
5477
5479
5483
5501
5503
5507
5519
5521
5527
5531
5557
5563
5569
5573
5581
5591
5623
5639
5641
5647
5651
5653
5657
5659
5669
5683
5689
5693
5701
5711
5717
5737
5741
5743
5749
5779
5783
5791
5801
5807
5813
5821
5827
5839
5843
5849
5851
5857
5861
5867
5869
5879
5881
5897
5903
5923
5927
5939
5953
5981
5987
6007
6011
6029
6037
6043
6047
6053
6067
6073
6079
6089
6091
6101
6113
6121
6131
6133
6143
6151
6163
6173
6197
6199
6203
6211
6217
6221
6229
6247
6257
6263
6269
6271
6277
6287
6299
6301
6311
6317
6323
6329
6337
6343
6353
6359
6361
6367
6373
6379
6389
6397
6421
6427
6449
6451
6469
6473
6481
6491
6521
6529
6547
6551
6553
6563
6569
6571
6577
6581
6599
6607
6619
6637
6653
6659
6661
6673
6679
6689
6691
6701
6703
6709
6719
6733
6737
6761
6763
6779
6781
6791
6793
6803
6823
6827
6829
6833
6841
6857
6863
6869
6871
6883
6899
6907
6911
6917
6947
6949
6959
6961
6967
6971
6977
6983
6991
6997
7001
7013
7019
7027
7039
7043
7057
7069
7079
7103
7109
7121
7127
7129
7151
7159
7177
7187
7193
7207
7211
7213
7219
7229
7237
7243
7247
7253
7283
7297
7307
7309
7321
7331
7333
7349
7351
7369
7393
7411
7417
7433
7451
7457
7459
7477
7481
7487
7489
7499
7507
7517
7523
7529
7537
7541
7547
7549
7559
7561
7573
7577
7583
7589
7591
7603
7607
7621
7639
7643
7649
7669
7673
7681
7687
7691
7699
7703
7717
7723
7727
7741
7753
7757
7759
7789
7793
7817
7823
7829
7841
7853
7867
7873
7877
7879
7883
7901
7907
7919
7927
7933
7937
7949
7951
7963
7993
8009
8011
8059
8069
8081
8179
8297
8521
8581
8629
8681
8693
8747
8803
9001
9013
9157
9161
9173
9203
9311
9421
9491
9587
9679
9689
9719
9787
9811
9931
10037
10039
10061
10133
10139
10141
10151
10193
10211
10247
10253
10369
10459
10513
10589
10651
10861
10937
11083
11093
11113
11171
11177
11257
11261
11471
11587
11617
11779
11807
11831
11833
11959
12211
12289
12511
12577
12601
12659
12721
12791
12893
12899
12907
12917
12923
12953
12983
13007
13043
13049
13103
13109
13217
13219
13241
13249
13381
13591
13597
13669
13711
13721
13751
13789
13807
13883
13901
14011
14071
14153
14177
14197
14411
14449
14537
14549
14591
14627
14767
14983
15107
15137
15173
15271
15401
15439
15467
15541
15569
15601
15641
15667
15733
15797
15859
15937
16067
16097
16127
16231
16249
16253
16333
16381
16451
16453
16519
16561
16741
16927
17011
17021
17077
17099
17137
17257
17383
17431
17569
17609
17681
17683
17737
17747
17783
17911
18043
18089
18191
18233
18253
18329
18367
18457
18587
18637
18713
18787
18803
18919
18979
19013
19031
19139
19213
19309
19319
19333
19429
19469
19489
19753
19861
19913
19949
19963
19979
20113
20173
20177
20183
20407
20431
20479
20743
20747
20773
20809
20857
20939
21001
21017
21023
21031
21107
21341
21379
21401
21503
21557
21893
21943
22073
22091
22111
22229
22259
22277
22391
22453
22469
22531
22639
22741
22993
23003
23041
23057
23167
23291
23371
23561
23747
24083
24223
24229
24247
24317
24469
24509
24527
24683
24841
24923
24943
24953
24967
24971
24979
25163
25169
25171
25339
25343
25439
25561
25583
25679
25703
25733
25801
25847
25903
25933
25999
26053
26099
26177
26183
26227
26263
26267
26293
26339
26407
26539
26557
26669
26713
26783
26813
26821
27043
27449
27481
27581
27733
27817
27883
27893
27943
27967
28031
28087
28097
28123
28211
28387
28411
28447
28537
28547
28591
28603
28607
28621
28631
28657
28661
28663
28729
28759
28771
28789
28813
28817
28871
28949
29009
29147
29153
29167
29231
29297
29333
29401
29437
29483
29531
29611
29641
29683
29717
29741
29873
30103
30109
30113
30137
30161
30169
30211
30223
30259
30307
30323
30427
30469
30497
30517
30577
30637
30643
30671
30707
30839
30859
31081
31121
31151
31357
31393
31481
31541
31547
31573
31583
31607
31727
31741
31957
32099
32117
32183
32189
32191
32233
32251
32309
32327
32341
32363
32377
32443
32561
32563
32693
32707
32717
32719
32801
32843
32869
32933
33073
33311
33331
33349
33353
33403
33409
33413
33461
33533
33587
33599
33601
33613
33619
33893
33961
34019
34057
34159
34273
34301
34351
34367
34403
34429
34603
34673
34693
34739
34763
34781
34807
35089
35171
35317
35363
35393
35507
35531
35533
35677
35869
35969
36067
36137
36209
36251
36299
36373
36541
36761
36821
36947
37049
37171
37201
37307
37313
37337
37369
37379
37423
37447
37549
37649
37889
37987
38119
38273
38317
38653
38707
38711
38729
38783
38821
38833
38903
38959
39373
39409
39503
39581
39607
39667
39937
40111
40163
40169
40427
40543
40927
40933
41017
41023
41143
41179
41203
41341
41399
41467
41491
41507
41579
41659
41737
41879
41927
41947
41969
41983
42131
42257
42281
42391
42407
42409
42437
42443
42451
42463
42473
42487
42677
42683
42737
42787
42841
43201
43441
43499
43579
43591
43781
43787
43969
44201
44207
44263
44383
44543
44617
44699
44771
44809
44843
44917
44927
44963
44983
44987
45121
45131
45307
45533
45587
45613
45767
45833
46027
46273
46439
46559
46573
46591
46829
46889
46957
47041
47221
47287
47441
47569
47591
47713
47717
47737
47857
47903
47911
47977
48079
48121
48131
48187
48197
48473
48523
48533
48589
48611
48767
48817
48821
48991
49009
49123
49477
49481
49663
49739
49789
49877
49921
49939
49957
49993
50069
50123
50227
50423
50527
50551
50647
50839
50867
50929
50989
51449
51521
51563
51607
51647
51683
51719
51721
51787
51839
51869
52051
52291
52543
52813
52981
53047
53173
53197
53231
53239
53267
53299
53441
53503
53551
53569
53597
53617
53717
53731
53849
53891
53899
53917
54011
54013
54091
54419
54469
54673
54679
54833
54881
55127
55163
55313
55763
55793
55837
55897
55927
56041
56267
56359
56503
56569
56591
56633
56711
56767
56807
57149
57251
57329
57527
57557
57571
57697
57727
57853
57901
58099
58207
58363
58379
58403
58481
58511
58573
58693
58733
58787
58831
59029
59053
59063
59069
59263
59351
59357
59399
59671
59693
59809
60017
60127
60133
60271
60337
60383
60607
60623
60869
60899
61121
61223
61333
61403
61417
61463
61471
61511
61651
61687
61757
61819
61879
61961
62017
62131
62171
62207
62327
62351
62383
62423
62653
62683
62701
62761
62897
62939
62971
63073
63199
63299
63347
63361
63377
63391
63463
63467
63487
63493
63521
63649
63703
63743
64081
64123
64151
64153
64333
64381
64403
64483
64499
64621
64627
64663
64679
64709
64747
64901
64919
64921
64951
65011
65063
65111
65119
65173
65213
65267
65269
65353
65407
65419
65497
65519
65521
65587
65699
65719
65921
66067
66683
66739
66947
67181
67271
67349
67559
67867
67933
68161
68213
68777
68791
69019
69119
69767
69997
70001
70123
70459
70841
70867
71089
71237
71257
71287
71347
71933
72223
72287
72613
72869
72871
73079
73561
73651
73693
73699
73727
73859
74197
74201
74293
74449
74489
74561
74597
74719
75169
75193
75329
75347
75389
75557
75641
75721
75731
76537
76649
76667
76697
77377
77681
77783
78079
78427
78649
78779
78823
79133
79283
79393
79481
79579
79657
79769
79801
79999
80407
80783
80929
80953
81181
81203
81553
81637
81647
81649
81703
81773
81799
81919
82189
82237
82493
82567
82591
82889
82891
82903
82939
82963
82981
83227
83257
83597
83609
83653
83663
83737
83791
83813
83857
83869
83873
84163
84247
84407
85093
85313
85331
85601
85931
85991
86269
86297
86453
86711
87433
87629
87671
87679
87973
88001
88903
89203
89329
89501
89611
89983
89989
90371
90907
90917
91097
91229
91943
92077
92251
92761
93053
93151
93607
93923
94111
94117
94529
94771
94777
94793
94841
95261
95441
95603
95731
95989
96137
96763
97103
97459
97777
97789
97841
97943
98773
98909
98999
99371
99577
99761
99809
99817
99961
100391
100847
101323
101333
101869
101891
102367
102611
102983
103069
103123
103387
103423
103451
103889
103967
104239
104399
104597
104779
105167
105251
105263
105601
105619
105691
105983
106451
106781
107339
107747
108007
108109
108187
108223
108263
108293
108499
108791
108929
108943
108991
109391
109471
109541
109567
109721
109859
109883
109919
109937
110119
110311
110527
110771
110849
110921
110933
111487
111781
112181
112589
112603
112919
112979
113131
113143
113381
113513
113647
113723
113761
113819
113843
113963
114077
114083
114161
114167
114281
114319
114553
115057
115679
116159
116177
116201
116731
117023
117437
117673
117881
118061
118751
119101
119183
119671
119971
120097
120223
120247
120293
120319
120391
120503
120689
120763
120767
120823
121181
121271
121727
121967
122021
122029
122273
122279
122867
123527
123593
123727
124213
124249
124343
124703
124739
124823
124897
125029
125399
125429
125693
125707
126517
127487
127747
127877
128287
128341
128747
128761
128951
129037
129229
129263
129499
129533
129581
129707
129769
129959
130409
130411
130439
130489
130553
130783
130987
131063
131071
131363
132709
132749
132893
135221
137209
137597
137771
138139
138727
140381
140417
140527
140681
141131
141209
141221
142369
142589
142601
142757
142897
142903
143107
143617
144569
145903
145931
146141
146297
146603
146647
146857
146933
147139
147151
147263
147283
147397
147977
147997
148723
148867
148873
148913
149111
149489
150001
150919
151483
151573
151937
152377
152429
153589
154027
154243
154339
154769
154807
155009
155047
155251
155443
155797
155921
156979
157127
158071
158161
158189
158519
158663
158867
159079
159113
159349
159629
159737
160117
160387
160627
161149
162287
162293
162971
163243
163517
163567
164149
164371
165779
166027
167039
168089
169523
169943
171131
171403
171629
172343
172751
173531
175523
175843
176087
176129
176599
176611
176797
177167
177589
177623
177907
177953
178807
178877
178909
179099
179369
179573
180617
181213
182243
184043
185813
187069
187139
187393
187669
187711
188291
188891
190667
190889
191669
191693
192191
192383
192791
192799
195071
195389
195731
195997
196003
196277
196477
197971
200009
200191
201437
201623
202549
203417
204427
204931
205033
205111
205391
207241
208253
208261
209299
210319
210407
210599
210823
211093
211583
211979
212353
212383
212479
212881
214007
214741
215359
216317
216481
220169
220421
221567
221581
222149
222193
222967
223103
223259
223547
224929
225167
225257
225457
225751
226013
226337
226487
226871
226903
227431
227497
227519
228341
228409
228737
228797
228799
229037
229153
229237
229247
229981
231367
231461
232049
232451
232699
232753
233141
233323
233407
233881
234217
235309
236737
237301
237361
239147
239387
241069
241079
241313
241561
241643
241973
242377
242819
242999
243643
243703
243709
244403
244411
244633
244813
244861
245171
245437
245477
245501
245821
246271
247249
248057
248461
249463
249563
250153
251291
252911
253247
255667
255869
256181
257141
257339
257399
257497
257519
257711
257783
258023
258161
258353
258499
259507
259907
261017
261077
261089
261439
261823
261847
262103
264323
266801
271729
272183
272423
276181
278393
278947
280219
280769
286129
290369
296201
298283
303547
304723
309577
322963
328849
329657
329671
333233
333269
336863
337313
339637
342421
343169
343237
344189
346303
347317
362107
368881
369553
370021
378019
378559
385127
386611
393539
394549
396449
400871
403103
403877
406579
407969
408223
409043
414311
416387
417541
418177
423763
427439
428039
428429
429727
430571
430649
431479
435569
437953
439429
441751
442243
446111
446227
446881
451859
454919
455849
456457
468883
470461
476603
477329
478861
482483
482773
486677
488611
493111
494687
497839
499903
504853
519301
523177
4232653
4810843
5347591
8191529
8712611
9562673
10532681
10989203
13309277
16560007
21096437
55911671
56921567
157039723
341969489
806759887
1144005227
2079528761
2214680791
2301616769
2362653539
3799407383
4004498269
4180090583
21899675599
398410980809544113
1698478110380425001
9271364471835805891
15101534449266524879
